  0   0   0   0   0   0   0   0   0   0   0   0   0   0   0   0
  0   0   0   0   0   0   0   0   0   0   0   0   0   0   0   0
  0   0   0   0   0   0  61  75  75   0   0   0   0   0   0   0
  0   0   0   0  75  75  75  75  75  75  75  75   0   0   0   0
  0   0   0  75  75  75  75  75  75  75  75  75  75   0   0   0
  0   0   0  75  75  75  75  75  75  75  75  75  75   0   0   0
  0   0  75  75  75  75  75  75  75  75  75  75  75   0   0   0
  0   0  75  75  75  75  75  75  75  75  75  75  75  75   0   0
  0   0  75  75  75  75  75  75  75  75  75  75  75  75   0   0
  0   0  75  75  75  75  75  75  75  75  75  75  75  61   0   0
  0   0  75  75  75  75  75  75  75  75  75  75  75   0   0   0
  0   0   0  75  75  75  75  75  75  75  75  75  75   0   0   0
  0   0   0  75  75  75  75  75  75  75  75  75   0   0   0   0
  0   0   0   0   0  75  75  75  75  75   0   0   0   0   0   0
  0   0   0   0   0   0   0   0   0   0   0   0   0   0   0   0
  0   0   0   0   0   0   0   0   0   0   0   0   0   0   0   0
  0   0   0   0   0   0   0   0   0   0   0   0   0   0   0   0
  0   0   0   0   0   0   0   0   0   0   0   0   0   0   0   0
  0   0   0   0   0   0 165 203 203   0   0   0   0   0   0   0
  0   0   0   0 203 203 203 203 203 203 203 203   0   0   0   0
  0   0   0 203 203 203 203 203 203 203 203 203 203   0   0   0
  0   0   0 203 203 203 203 203 203 203 203 203 203   0   0   0
  0   0 203 203 203 203 203 203 203 203 203 203 203   0   0   0
  0   0 203 203 203 203 203 203 203 203 203 203 203 203   0   0
  0   0 203 203 203 203 203 203 203 203 203 203 203 203   0   0
  0   0 203 203 203 203 203 203 203 203 203 203 203 165   0   0
  0   0 203 203 203 203 203 203 203 203 203 203 203   0   0   0
  0   0   0 203 203 203 203 203 203 203 203 203 203   0   0   0
  0   0   0 203 203 203 203 203 203 203 203 203   0   0   0   0
  0   0   0   0   0 203 203 203 203 203   0   0   0   0   0   0
  0   0   0   0   0   0   0   0   0   0   0   0   0   0   0   0
  0   0   0   0   0   0   0   0   0   0   0   0   0   0   0   0
  0   0   0   0   0   0   0   0   0   0   0   0   0   0   0   0
  0   0   0   0   0   0   0   0   0   0   0   0   0   0   0   0
  0   0   0   0   0   0 203 250 250   0   0   0   0   0   0   0
  0   0   0   0 250 250 250 250 250 250 250 250   0   0   0   0
  0   0   0 250 250 250 250 250 250 250 250 250 250   0   0   0
  0   0   0 250 250 250 250 250 250 250 250 250 250   0   0   0
  0   0 250 250 250 250 250 250 250 250 250 250 250   0   0   0
  0   0 250 250 250 250 250 250 250 250 250 250 250 250   0   0
  0   0 250 250 250 250 250 250 250 250 250 250 250 250   0   0
  0   0 250 250 250 250 250 250 250 250 250 250 250 203   0   0
  0   0 250 250 250 250 250 250 250 250 250 250 250   0   0   0
  0   0   0 250 250 250 250 250 250 250 250 250 250   0   0   0
  0   0   0 250 250 250 250 250 250 250 250 250   0   0   0   0
  0   0   0   0   0 250 250 250 250 250   0   0   0   0   0   0
  0   0   0   0   0   0   0   0   0   0   0   0   0   0   0   0
  0   0   0   0   0   0   0   0   0   0   0   0   0   0   0   0

  0   0   0   0   0   0   0   0   0   0   0   0   0   0   0   0
  0   0   0   0   0   0   0   0   0   0   0   0   0   0   0   0
  0   0   0   0  17  32  42  63  66  53  34  26   0   0   0   0
  0   0   0  18  51  68  73  75  75  74  71  61  35   0   0   0
  0   0  17  51  71  75  75  75  75  75  75  74  63  30   0   0
  0   0  32  68  75  75  75  75  75  75  75  75  73  51   0   0
  0   0  42  73  75  75  75  75  75  75  75  75  75  67  12   0
  0   0  63  75  75  75  75  75  75  75  75  75  75  70  36   0
  0   0  66  75  75  75  75  75  75  75  75  75  75  71  37   0
  0   0  53  74  75  75  75  75  75  75  75  75  75  69  25   0
  0   0  34  71  75  75  75  75  75  75  75  75  74  59   0   0
  0   0  26  61  74  75  75  75  75  75  75  75  70  38   0   0
  0   0   0  35  63  73  75  75  75  75  74  70  51  20   0   0
  0   0   0   0  30  51  67  70  71  69  59  38  20   0   0   0
  0   0   0   0   0   0  12  36  37  25   0   0   0   0   0   0
  0   0   0   0   0   0   0   0   0   0   0   0   0   0   0   0
  0   0   0   0   0   0   0   0   0   0   0   0   0   0   0   0
  0   0   0   0   0   0   0   0   0   0   0   0   0   0   0   0
  0   0   0   0  52  87 115 174 178 144  93  71  26   0   0   0
  0   0   0  53 140 183 199 202 202 200 191 166  95  26   0   0
  0   0  52 140 193 203 203 203 203 203 203 200 170  80   0   0
  0   0  87 183 203 203 203 203 203 203 203 203 198 140   0   0
  0   0 115 199 203 203 203 203 203 203 203 203 202 181  33   0
  0   0 174 202 203 203 203 203 203 203 203 203 203 193  98   0
  0   0 178 202 203 203 203 203 203 203 203 203 203 193 101   0
  0   0 144 200 203 203 203 203 203 203 203 203 203 188  70   0
  0   0  93 191 203 203 203 203 203 203 203 203 200 161   0   0
  0   0  71 166 200 203 203 203 203 203 203 203 188 103   0   0
  0   0  26  95 170 198 202 203 203 203 200 188 138  52   0   0
  0   0   0  26  80 140 181 193 193 188 161 103  52   0   0   0
  0   0   0   0   0   0  33  98 101  70   0   0   0   0   0   0
  0   0   0   0   0   0   0   0   0   0   0   0   0   0   0   0
  0   0   0   0   0   0   0   0   0   0   0   0   0   0   0   0
  0   0   0   0   0   0   0   0   0   0   0   0   0   0   0   0
  0   0   0   0  64 107 140 214 219 178 115  85  26   0   0   0
  0   0   0  66 173 225 244 249 249 246 235 204 118  26   0   0
  0   0  64 173 239 250 250 250 250 250 250 247 210  99   0   0
  0   0 107 225 250 250 250 250 250 250 250 250 244 172   0   0
  0   0 140 244 250 250 250 250 250 250 250 250 249 224  37   0
  0   0 214 249 250 250 250 250 250 250 250 250 250 237 120   0
  0   0 219 249 250 250 250 250 250 250 250 250 250 238 125   0
  0   0 178 246 250 250 250 250 250 250 250 250 250 231  86   0
  0   0 115 235 250 250 250 250 250 250 250 250 247 197   0   0
  0   0  85 204 247 250 250 250 250 250 250 250 232 128   0   0
  0   0  26 118 210 244 249 250 250 250 247 232 170  59   0   0
  0   0   0  26  99 172 224 237 238 231 197 128  59   0   0   0
  0   0   0   0   0   0  37 120 125  86   0   0   0   0   0   0
  0   0   0   0   0   0   0   0   0   0   0   0   0   0   0   0

  0   0   0   0   0   0   0   0   0   0   0   0   0   0   0   0
  0   0   0   0   0   0   9  35  36  25   0   0   0   0   0   0
  0   0   0   0  28  51  67  71  71  69  59  36  13   0   0   0
  0   0   0  33  62  73  74  75  75  74  74  69  49  13   0   0
  0   0  23  61  73  75  75  75  75  75  75  75  69  36   0   0
  0   0  33  70  75  75  75  75  75  75  75  75  74  59   0   0
  0   0  53  73  75  75  75  75  75  75  75  75  74  69  25   0
  0   0  65  74  75  75  75  75  75  75  75  75  75  71  36   0
  0   0  63  74  75  75  75  75  75  75  75  75  75  71  35   0
  0   0  42  72  75  75  75  75  75  75  75  75  74  67   9   0
  0   0  30  67  74  75  75  75  75  75  75  75  73  51   0   0
  0   0  17  51  71  74  75  75  75  75  75  73  62  28   0   0
  0   0   0  18  51  67  72  74  74  73  70  61  33   0   0   0
  0   0   0   0  17  30  42  63  65  53  33  23   0   0   0   0
  0   0   0   0   0   0   0   0   0   0   0   0   0   0   0   0
  0   0   0   0   0   0   0   0   0   0   0   0   0   0   0   0
  0   0   0   0   0   0   0   0   0   0   0   0   0   0   0   0
  0   0   0   0   0   0  30  98 102  70   0   0   0   0   0   0
  0   0   0   0  79 138 182 193 194 188 160 103  47   0   0   0
  0   0   0  95 169 199 202 202 203 202 201 188 137  47   0   0
  0   0  69 166 200 203 203 203 203 203 203 203 188 103   0   0
  0   0  93 192 203 203 203 203 203 203 203 203 201 160   0   0
  0   0 143 200 203 203 203 203 203 203 203 203 202 188  70   0
  0   0 178 202 203 203 203 203 203 203 203 203 203 194 102   0
  0   0 172 202 203 203 203 203 203 203 203 203 202 193  98   0
  0   0 114 198 203 203 203 203 203 203 203 203 202 182  30   0
  0   0  86 184 202 203 203 203 203 203 203 203 199 138   0   0
  0   0  46 141 194 202 203 203 203 203 203 200 169  79   0   0
  0   0   0  48 141 184 198 202 202 200 192 166  95   0   0   0
  0   0   0   0  46  86 114 172 178 143  93  69   0   0   0   0
  0   0   0   0   0   0   0   0   0   0   0   0   0   0   0   0
  0   0   0   0   0   0   0   0   0   0   0   0   0   0   0   0
  0   0   0   0   0   0   0   0   0   0   0   0   0   0   0   0
  0   0   0   0   0   0  35 120 124  86   0   0   0   0   0   0
  0   0   0   0 100 171 225 238 238 231 198 126  60   0   0   0
  0   0   0 118 209 244 249 249 250 249 248 232 170  60   0   0
  0   0  86 204 246 250 250 250 250 250 250 250 232 126   0   0
  0   0 115 236 250 250 250 250 250 250 250 250 248 198   0   0
  0   0 177 247 250 250 250 250 250 250 250 250 249 231  86   0
  0   0 220 249 250 250 250 250 250 250 250 250 250 238 124   0
  0   0 213 249 250 250 250 250 250 250 250 250 249 238 120   0
  0   0 141 244 250 250 250 250 250 250 250 250 249 225  35   0
  0   0 106 226 249 250 250 250 250 250 250 250 244 171   0   0
  0   0  58 174 239 249 250 250 250 250 250 246 209 100   0   0
  0   0   0  62 174 226 244 249 249 247 236 204 118   0   0   0
  0   0   0   0  58 106 141 213 220 177 115  86   0   0   0   0
  0   0   0   0   0   0   0   0   0   0   0   0   0   0   0   0
  0   0   0   0   0   0   0   0   0   0   0   0   0   0   0   0

  0   0   0   0   0   0   0   0   0   0   0   0   0   0   0   0
  0   0   0   0   0   0  25  37  36  12   0   0   0   0   0   0
  0   0   0  20  38  59  69  71  70  67  51  30   0   0   0   0
  0   0  20  51  70  74  75  75  75  75  73  63  35   0   0   0
  0   0  38  70  75  75  75  75  75  75  75  74  61  26   0   0
  0   0  59  74  75  75  75  75  75  75  75  75  71  34   0   0
  0  25  69  75  75  75  75  75  75  75  75  75  74  53   0   0
  0  37  71  75  75  75  75  75  75  75  75  75  75  66   0   0
  0  36  70  75  75  75  75  75  75  75  75  75  75  63   0   0
  0  12  67  75  75  75  75  75  75  75  75  75  73  42   0   0
  0   0  51  73  75  75  75  75  75  75  75  75  68  32   0   0
  0   0  30  63  74  75  75  75  75  75  75  71  51  17   0   0
  0   0   0  35  61  71  74  75  75  73  68  51  18   0   0   0
  0   0   0   0  26  34  53  66  63  42  32  17   0   0   0   0
  0   0   0   0   0   0   0   0   0   0   0   0   0   0   0   0
  0   0   0   0   0   0   0   0   0   0   0   0   0   0   0   0
  0   0   0   0   0   0   0   0   0   0   0   0   0   0   0   0
  0   0   0   0   0   0  70 101  98  33   0   0   0   0   0   0
  0   0   0  52 103 161 188 193 193 181 140  80  26   0   0   0
  0   0  52 138 188 200 203 203 203 202 198 170  95  26   0   0
  0   0 103 188 203 203 203 203 203 203 203 200 166  71   0   0
  0   0 161 200 203 203 203 203 203 203 203 203 191  93   0   0
  0  70 188 203 203 203 203 203 203 203 203 203 200 144   0   0
  0 101 193 203 203 203 203 203 203 203 203 203 202 178   0   0
  0  98 193 203 203 203 203 203 203 203 203 203 202 174   0   0
  0  33 181 202 203 203 203 203 203 203 203 203 199 115   0   0
  0   0 140 198 203 203 203 203 203 203 203 203 183  87   0   0
  0   0  80 170 200 203 203 203 203 203 203 193 140  52   0   0
  0   0  26  95 166 191 200 202 202 199 183 140  53   0   0   0
  0   0   0  26  71  93 144 178 174 115  87  52   0   0   0   0
  0   0   0   0   0   0   0   0   0   0   0   0   0   0   0   0
  0   0   0   0   0   0   0   0   0   0   0   0   0   0   0   0
  0   0   0   0   0   0   0   0   0   0   0   0   0   0   0   0
  0   0   0   0   0   0  86 125 120  37   0   0   0   0   0   0
  0   0   0  59 128 197 231 238 237 224 172  99  26   0   0   0
  0   0  59 170 232 247 250 250 250 249 244 210 118  26   0   0
  0   0 128 232 250 250 250 250 250 250 250 247 204  85   0   0
  0   0 197 247 250 250 250 250 250 250 250 250 235 115   0   0
  0  86 231 250 250 250 250 250 250 250 250 250 246 178   0   0
  0 125 238 250 250 250 250 250 250 250 250 250 249 219   0   0
  0 120 237 250 250 250 250 250 250 250 250 250 249 214   0   0
  0  37 224 249 250 250 250 250 250 250 250 250 244 140   0   0
  0   0 172 244 250 250 250 250 250 250 250 250 225 107   0   0
  0   0  99 210 247 250 250 250 250 250 250 239 173  64   0   0
  0   0  26 118 204 235 246 249 249 244 225 173  66   0   0   0
  0   0   0  26  85 115 178 219 214 140 107  64   0   0   0   0
  0   0   0   0   0   0   0   0   0   0   0   0   0   0   0   0
  0   0   0   0   0   0   0   0   0   0   0   0   0   0   0   0
